VC20215	100bp	telseq_elegans	TTAGGC	noreadgroup	txt	UNKNOWN		UNKNOWN	21808049	21694630	0	96	4005	21293433	442373	22646	13114	10091	8153	5690	3533	1947	1011	487	254	208	278	585	1384	2862	1529639	1314392	1045590	775878	556666	384903	251701	161473	101045	67504	
VC20217	100bp	telseq_elegans	TTAGGC	noreadgroup	txt	UNKNOWN		UNKNOWN	22643870	22535727	0	82	5924	22112282	456908	24124	14008	10790	8330	6167	3689	2044	1056	516	256	163	219	437	1134	1747	1595774	1372204	1095819	812089	581833	404353	263940	168523	106299	70330	
VC20218	100bp	telseq_elegans	TTAGGC	noreadgroup	txt	UNKNOWN		UNKNOWN	17483968	17408266	0	87	369	17075214	349962	18294	11030	8558	6516	4819	2948	1547	828	410	196	159	226	388	1049	1824	1249701	1081241	869241	648035	466776	325914	212633	137698	86772	57376	
VC20219	100bp	telseq_elegans	TTAGGC	noreadgroup	txt	UNKNOWN		UNKNOWN	20577638	20503513	0	79	58	20092035	418280	21863	12684	9681	7503	5592	3388	1871	970	468	219	161	188	391	843	1501	1459061	1260755	1008749	749043	536549	372355	243447	155750	98098	64404	
VC20225	100bp	telseq_elegans	TTAGGC	noreadgroup	txt	UNKNOWN		UNKNOWN	15685673	15613958	0	84	5485	15315508	318480	16739	9632	7484	5712	4089	2520	1273	753	358	187	121	169	309	840	1499	1103407	948800	758157	562883	405026	281849	184196	118464	75082	49538	
VC20319	100bp	telseq_elegans	TTAGGC	noreadgroup	txt	UNKNOWN		UNKNOWN	25731344	25229243	0	91	7934	25121038	525604	26985	15334	11929	9083	6532	4032	2164	1152	605	326	262	333	613	1728	3624	1777387	1527697	1228533	924217	679491	489781	335735	227383	149117	97791	
VC20351	100bp	telseq_elegans	TTAGGC	noreadgroup	txt	UNKNOWN		UNKNOWN	15778970	15652623	0	87	6814	15406103	321458	16739	9465	7335	5602	4072	2451	1318	714	351	197	161	182	339	854	1629	1091248	935410	746933	556187	397888	278221	185030	119585	75815	50121	
VC20367	100bp	telseq_elegans	TTAGGC	noreadgroup	txt	UNKNOWN		UNKNOWN	13190843	13091553	0	97	937	12875324	271605	14035	8002	6101	4751	3426	2102	1131	572	318	194	137	175	335	873	1762	905258	773431	617028	458975	330544	230674	152077	98290	62358	41025	
VC20371	100bp	telseq_elegans	TTAGGC	noreadgroup	txt	UNKNOWN		UNKNOWN	12990889	12895487	0	112	886	12685462	259031	13937	8167	6343	4944	3715	2249	1167	654	348	166	150	201	444	1196	2715	929958	805666	647936	483876	349779	245471	161771	105671	67776	44570	
VC20373	100bp	telseq_elegans	TTAGGC	noreadgroup	txt	UNKNOWN		UNKNOWN	19035316	18751189	0	95	3563	18585657	385025	20286	11722	9094	6884	5134	3189	1669	863	455	236	218	255	484	1367	2778	1337944	1156547	929185	697968	509003	364368	246338	164804	106869	70603	
VC20384	100bp	telseq_elegans	TTAGGC	noreadgroup	txt	UNKNOWN		UNKNOWN	12089579	11644271	0	68	7743	11794504	258821	12775	6602	5166	3839	2644	1644	896	454	267	183	168	198	254	435	729	815619	693806	555818	424958	316922	232912	164716	115238	77364	50597	
VC20481	100bp	telseq_elegans	TTAGGC	noreadgroup	txt	UNKNOWN		UNKNOWN	21941154	21836096	0	82	7071	21426976	441293	23622	13575	10403	8252	5840	3591	1904	1001	484	228	209	223	429	1142	1982	1564915	1350553	1082797	802568	577044	401828	263177	169314	106051	70465	
VC20547	100bp	telseq_elegans	TTAGGC	noreadgroup	txt	UNKNOWN		UNKNOWN	11599848	11407888	0	74	9937	11320079	245659	11879	6439	4793	3650	2511	1416	813	425	224	141	171	171	246	400	831	781416	656790	519447	385912	275401	191219	124723	81079	50965	32928	
VC20584	100bp	telseq_elegans	TTAGGC	noreadgroup	txt	UNKNOWN		UNKNOWN	12877952	12621837	0	94	6058	12571493	263136	13759	7760	6042	4690	3309	2084	1154	554	297	157	138	166	324	934	1955	893973	770553	623054	468446	345236	248282	171291	116443	75935	50765	
VC20699	100bp	telseq_elegans	TTAGGC	noreadgroup	txt	UNKNOWN		UNKNOWN	15190139	14895738	0	73	3561	14837727	310190	14895	8018	5958	4449	3151	1819	929	520	286	180	180	205	295	489	848	1002358	837272	653700	481949	337644	229416	148411	93457	58884	37940	
VC20709	100bp	telseq_elegans	TTAGGC	noreadgroup	txt	UNKNOWN		UNKNOWN	12315079	12192519	0	78	3055	12019056	260330	12675	6732	5041	3779	2614	1631	854	466	283	135	175	186	224	430	468	795117	662560	516800	377824	266174	182004	116873	73843	46019	29831	
VC20711	100bp	telseq_elegans	TTAGGC	noreadgroup	txt	UNKNOWN		UNKNOWN	8669393	8585365	0	76	1954	8465128	180732	8601	4487	3217	2440	1686	1056	593	289	180	121	120	135	165	182	261	552849	455903	352088	255384	176228	118238	74807	46366	28547	18027	
VC20715	100bp	telseq_elegans	TTAGGC	noreadgroup	txt	UNKNOWN		UNKNOWN	16423384	16289547	0	84	3469	16027814	348208	16634	8890	6478	4963	3380	2046	1095	587	298	238	259	313	431	686	1064	1072398	892877	695695	510416	358238	243496	155710	97566	60347	38374	
VC20739	100bp	telseq_elegans	TTAGGC	noreadgroup	txt	UNKNOWN		UNKNOWN	14325038	14212852	0	77	3425	13982555	301498	14433	7701	5771	4348	3071	1857	928	487	252	176	177	183	329	507	765	939481	784739	612797	450761	315207	214209	136503	85030	52488	33161	
VC20742	100bp	telseq_elegans	TTAGGC	noreadgroup	txt	UNKNOWN		UNKNOWN	14578935	14159011	0	73	744	14226909	309912	14929	7774	5777	4493	3097	1821	989	540	281	204	185	235	335	651	803	933834	784768	622390	470134	344287	248529	173791	118614	78088	50617	
VC20780	100bp	telseq_elegans	TTAGGC	noreadgroup	txt	UNKNOWN		UNKNOWN	19106821	18749445	0	58	6336	18644982	409264	19561	9989	7571	5682	3902	2303	1236	637	302	161	142	163	209	317	400	1216584	1013818	797974	591746	424648	299477	202992	134790	87175	55928	
VC20782	100bp	telseq_elegans	TTAGGC	noreadgroup	txt	UNKNOWN		UNKNOWN	16903959	16761757	0	73	8981	16506182	342369	18092	10477	8018	6342	4666	2754	1525	826	385	163	139	168	329	609	915	1202159	1037473	834430	622018	448454	316273	209396	137243	87434	57851	
VC20784	100bp	telseq_elegans	TTAGGC	noreadgroup	txt	UNKNOWN		UNKNOWN	13886737	13647982	0	75	4621	13554368	293493	13994	7402	5307	4113	2809	1645	922	504	282	227	198	195	261	400	617	887926	735700	572531	422713	298398	204912	134491	86704	54083	34345	
VC20787	100bp	telseq_elegans	TTAGGC	noreadgroup	txt	UNKNOWN		UNKNOWN	14000433	13743373	0	86	2013	13666062	293318	14100	7633	5549	4220	2894	1847	989	527	295	228	231	272	444	725	1099	937517	782048	614889	457859	328932	229650	153488	100403	63743	40689	
VC20789	100bp	telseq_elegans	TTAGGC	noreadgroup	txt	UNKNOWN		UNKNOWN	13526728	13399064	0	85	5364	13201409	285814	13897	7304	5475	4082	2894	1707	922	543	265	191	162	229	320	595	919	887532	737495	573438	421997	294935	200002	128442	80133	49473	31309	
VC20791	100bp	telseq_elegans	TTAGGC	noreadgroup	txt	UNKNOWN		UNKNOWN	14117155	13112188	0	40	1966	13791389	288699	13555	7369	5462	4030	2801	1678	877	446	211	81	64	75	96	139	183	917090	784708	638181	501612	389722	303055	230364	167855	116243	75653	
VC20792	100bp	telseq_elegans	TTAGGC	noreadgroup	txt	UNKNOWN		UNKNOWN	13030038	12869029	0	74	4647	12717750	275011	13337	7196	5188	3815	2758	1658	884	459	240	159	134	152	229	402	666	850544	706484	552507	406112	287060	196959	127712	81733	51219	32696	
VC30132	100bp	telseq_elegans	TTAGGC	noreadgroup	txt	UNKNOWN		UNKNOWN	13157183	13032890	0	69	1578	12845744	275675	13125	6764	4993	3749	2650	1546	827	428	231	124	125	137	213	320	532	852661	708555	550480	401744	280095	188772	120529	75288	46334	29236	
VC30133	100bp	telseq_elegans	TTAGGC	noreadgroup	txt	UNKNOWN		UNKNOWN	13124241	12990084	0	74	0605	12811475	276956	12858	6765	5070	3705	2588	1604	847	445	234	133	120	171	212	413	645	854008	710464	551571	403822	281160	189972	120661	75756	46495	29728	
VC30134	100bp	telseq_elegans	TTAGGC	noreadgroup	txt	UNKNOWN		UNKNOWN	20147487	20007889	0	65	0242	19662486	426202	21417	11103	8459	6273	4456	2531	1393	675	344	213	178	211	302	502	742	1341837	1127567	890285	659259	466882	321896	209096	133080	83537	54221	
VC30135	100bp	telseq_elegans	TTAGGC	noreadgroup	txt	UNKNOWN		UNKNOWN	13794201	13671284	0	74	1834	13464691	290625	13907	7498	5491	4058	2836	1742	956	461	273	127	152	170	245	362	607	894357	743425	577741	424239	296427	200348	127724	79402	48830	31231	
VC30136	100bp	telseq_elegans	TTAGGC	noreadgroup	txt	UNKNOWN		UNKNOWN	12667459	12575715	0	74	9218	12367634	263144	12768	7127	5102	3957	2735	1649	892	446	259	150	134	157	252	422	631	845124	708060	554309	408246	286657	195278	125529	78426	48549	31069	
VC30138	100bp	telseq_elegans	TTAGGC	noreadgroup	txt	UNKNOWN		UNKNOWN	13086450	12947687	0	78	0967	12774610	275705	13040	6814	5057	3626	2631	1633	844	437	254	142	126	137	259	458	677	836142	693039	537930	392488	274358	185669	119094	74110	46015	29255	
VC30139	100bp	telseq_elegans	TTAGGC	noreadgroup	txt	UNKNOWN		UNKNOWN	13474330	13360581	0	69	0325	13153316	284309	13486	6961	5266	3712	2703	1599	892	423	235	156	119	122	198	356	477	878081	728498	564122	411819	286779	192788	122466	75984	46623	29471	
VC30140	100bp	telseq_elegans	TTAGGC	noreadgroup	txt	UNKNOWN		UNKNOWN	13566805	13361763	0	64	6664	13238916	289769	13848	7349	5412	4027	2771	1668	945	461	200	115	101	121	212	371	519	886355	742645	583789	433087	310228	216930	143800	93846	60020	38448	
VC30141	100bp	telseq_elegans	TTAGGC	noreadgroup	txt	UNKNOWN		UNKNOWN	13791934	13695449	0	72	65	13460946	291858	14091	7357	5585	4090	2978	1783	899	459	261	149	124	155	233	373	593	904304	751777	585047	428104	299121	201568	127826	79854	49340	31274	
VC30144	100bp	telseq_elegans	TTAGGC	noreadgroup	txt	UNKNOWN		UNKNOWN	15537826	15295480	0	69	97	15165176	329032	15733	8123	6208	4641	3208	1974	968	551	266	174	166	192	305	525	584	1023859	859476	674676	496896	350302	239445	154073	97555	61358	39480	
VC30145	100bp	telseq_elegans	TTAGGC	noreadgroup	txt	UNKNOWN		UNKNOWN	15237970	15080242	0	78	5561	14878799	313854	15548	8463	6360	4809	3411	2046	1161	616	322	215	174	247	358	673	914	1042644	883456	697552	517746	367682	251615	163010	102338	64083	41260	
VC30146	100bp	telseq_elegans	TTAGGC	noreadgroup	txt	UNKNOWN		UNKNOWN	15865532	15682468	0	73	6424	15485874	331956	16558	9047	6856	5059	3649	2179	1161	585	319	198	183	224	317	584	783	1087764	920579	726351	539302	380016	261647	169013	107277	67227	42822	
VC30147	100bp	telseq_elegans	TTAGGC	noreadgroup	txt	UNKNOWN		UNKNOWN	15937961	15782817	0	79	1311	15559977	329478	16365	9080	7003	5169	3682	2244	1290	629	346	224	194	255	387	658	980	1098161	930529	736928	547195	390302	268461	173095	109620	68092	43487	
VC30148	100bp	telseq_elegans	TTAGGC	noreadgroup	txt	UNKNOWN		UNKNOWN	15336997	15239956	0	79	5706	14969492	319649	16048	8907	6878	5226	3768	2210	1252	597	316	219	200	249	410	662	914	1062230	900654	715024	531804	378609	260335	168265	106055	65710	42757	
VC30149	100bp	telseq_elegans	TTAGGC	noreadgroup	txt	UNKNOWN		UNKNOWN	15247185	15082182	0	79	5222	14886623	315425	15323	8436	6484	4799	3397	2075	1221	590	296	194	187	222	368	630	915	1038467	873953	689518	510473	361383	247844	159193	100379	62613	40538	
VC30150	100bp	telseq_elegans	TTAGGC	noreadgroup	txt	UNKNOWN		UNKNOWN	13669333	13581548	0	78	0525	13340645	286358	14353	7930	6072	4601	3367	2043	1145	543	289	168	192	206	324	513	584	938960	796645	629369	466782	330280	226384	145379	92315	57299	36658	
VC30151	100bp	telseq_elegans	TTAGGC	noreadgroup	txt	UNKNOWN		UNKNOWN	16082843	15973498	0	86	9201	15693873	338369	16983	9234	7166	5385	3846	2376	1256	653	354	251	251	331	517	847	1151	1110330	939933	744856	553588	394381	270258	173513	109948	68858	44048	
VC30152	100bp	telseq_elegans	TTAGGC	noreadgroup	txt	UNKNOWN		UNKNOWN	14853714	14741062	0	73	3647	14496314	311196	16034	8676	6545	5053	3654	2165	1182	659	339	193	161	176	281	495	591	1024702	869491	690022	512339	364689	250713	161753	102016	63413	40739	
VC30153	100bp	telseq_elegans	TTAGGC	noreadgroup	txt	UNKNOWN		UNKNOWN	15517037	15389504	0	76	7083	15147002	322332	16172	8936	6815	5233	3743	2224	1243	599	305	201	199	228	348	640	817	1071320	908491	721109	534232	379929	261641	169265	106787	66661	42903	
VC30154	100bp	telseq_elegans	TTAGGC	noreadgroup	txt	UNKNOWN		UNKNOWN	15972909	15800312	0	79	3229	15587061	337339	16811	8891	6889	5250	3696	2160	1176	597	352	227	200	267	414	643	936	1078119	907617	717732	531641	376798	258944	165846	104544	65078	41875	
VC30155	100bp	telseq_elegans	TTAGGC	noreadgroup	txt	UNKNOWN		UNKNOWN	15457817	15296575	0	81	3727	15090528	322132	15528	8393	6339	4728	3356	1989	1085	603	364	182	216	260	428	658	1028	1046132	880579	693049	512665	359818	245776	156601	98443	60775	38646	
VC30156	100bp	telseq_elegans	TTAGGC	noreadgroup	txt	UNKNOWN		UNKNOWN	14406292	14235307	0	73	5077	14058311	304270	15341	8326	6160	4692	3285	2061	1065	559	286	203	171	179	284	477	622	984835	828445	656093	486079	345022	236219	153081	97534	61099	39268	
VC30157	100bp	telseq_elegans	TTAGGC	noreadgroup	txt	UNKNOWN		UNKNOWN	14978398	14786121	0	73	1448	14618199	315848	15609	8403	6151	4781	3349	2025	1045	555	281	180	144	216	295	560	757	1014543	853691	674441	499645	354968	244089	158183	100698	63228	40451	
VC30158	100bp	telseq_elegans	TTAGGC	noreadgroup	txt	UNKNOWN		UNKNOWN	14488317	14301610	0	86	4527	14138819	307362	14580	7742	5913	4217	3023	1892	1004	529	311	178	209	274	422	741	1101	955843	800415	631419	465629	331986	225306	145535	92480	57688	37028	
VC30159	100bp	telseq_elegans	TTAGGC	noreadgroup	txt	UNKNOWN		UNKNOWN	15134769	15055776	0	76	4368	14765001	323231	16000	8706	6705	5117	3581	2070	1165	644	333	187	164	220	316	608	721	1029054	869032	688377	510396	360980	247289	159184	100636	62246	40034	
VC30160	100bp	telseq_elegans	TTAGGC	noreadgroup	txt	UNKNOWN		UNKNOWN	16886939	16750648	0	81	0694	16473674	362940	17674	9491	6955	5221	3733	2213	1151	654	326	222	197	254	415	770	1049	1116511	936094	738034	545498	384297	262642	168653	105698	65937	42185	
VC30161	100bp	telseq_elegans	TTAGGC	noreadgroup	txt	UNKNOWN		UNKNOWN	14736664	14542770	0	79	971	14382790	309885	15299	7996	6096	4698	3317	2025	1054	555	285	223	204	232	410	705	890	997501	844979	667628	495097	353320	242086	156753	100208	62970	40359	
VC30162	100bp	telseq_elegans	TTAGGC	noreadgroup	txt	UNKNOWN		UNKNOWN	15351645	15220194	0	76	6546	14980587	324836	15938	8746	6562	4939	3637	2084	1123	575	302	182	157	228	382	616	751	1033992	868160	684287	506101	358287	245611	157348	99284	61589	39650	
VC30163	100bp	telseq_elegans	TTAGGC	noreadgroup	txt	UNKNOWN		UNKNOWN	16769092	16636625	0	68	559	16367491	351665	17413	9416	7357	5488	3879	2378	1224	667	336	181	140	190	281	408	578	1148117	971268	767614	566280	400458	272957	176437	111653	69433	44458	
VC30164	100bp	telseq_elegans	TTAGGC	noreadgroup	txt	UNKNOWN		UNKNOWN	14759394	14618977	0	77	0503	14405372	310747	15154	8088	6097	4585	3213	1967	1062	531	315	177	195	200	339	527	825	988590	830853	656049	483590	342440	233762	148639	93688	58110	37238	
VC30165	100bp	telseq_elegans	TTAGGC	noreadgroup	txt	UNKNOWN		UNKNOWN	15281960	15104551	0	71	2326	14914317	322072	15994	8668	6517	4947	3529	2111	1189	584	275	163	136	161	257	423	617	1043684	878260	691247	509647	357814	242905	156193	98781	61677	40316	
VC30166	100bp	telseq_elegans	TTAGGC	noreadgroup	txt	UNKNOWN		UNKNOWN	13602932	13475241	0	76	1977	13276976	285213	14082	7797	5694	4319	3208	1851	1018	544	264	166	153	215	267	462	703	920140	772399	608534	450909	318259	217402	139802	88525	54946	35878	
VC30167	100bp	telseq_elegans	TTAGGC	noreadgroup	txt	UNKNOWN		UNKNOWN	14755119	14634472	0	88	4532	14401373	308647	15304	8197	6355	4658	3372	2174	1158	591	355	190	220	258	454	807	1006	999689	843664	665622	492228	349540	240287	154724	97511	60391	39349	
VC30169	100bp	telseq_elegans	TTAGGC	noreadgroup	txt	UNKNOWN		UNKNOWN	15791974	15620536	0	68	5812	15412374	333401	16516	8778	6774	4991	3574	2121	1095	592	272	181	154	137	183	308	523	1067194	886996	689607	503787	350860	236170	150644	93587	57212	36243	
VC30171	100bp	telseq_elegans	TTAGGC	noreadgroup	txt	UNKNOWN		UNKNOWN	18961280	18689129	0	74	1374	18511173	395948	19050	10295	7739	5711	4102	2391	1231	665	373	233	220	260	336	559	994	1251430	1044590	814079	597140	420563	287939	185746	118072	73336	46659	
VC30172	100bp	telseq_elegans	TTAGGC	noreadgroup	txt	UNKNOWN		UNKNOWN	17483279	17216844	0	68	6433	17067541	365765	17798	9528	7232	5294	3813	2236	1190	671	317	218	159	184	257	358	718	1186437	990225	769671	563464	396016	268669	172597	109263	67290	42834	
VC30173	100bp	telseq_elegans	TTAGGC	noreadgroup	txt	UNKNOWN		UNKNOWN	17826439	17631624	0	67	4827	17398383	376595	18655	9784	7373	5588	3936	2435	1202	674	308	171	149	140	185	320	541	1191537	990474	773543	564071	391198	265304	169527	105545	65260	41468	
VC30174	100bp	telseq_elegans	TTAGGC	noreadgroup	txt	UNKNOWN		UNKNOWN	14971201	14817843	0	67	6542	14616946	312149	15186	8064	6067	4585	3153	1860	997	545	265	143	142	126	206	295	472	991725	824863	638166	463613	323091	216923	137476	84664	52006	32496	
VC30175	100bp	telseq_elegans	TTAGGC	noreadgroup	txt	UNKNOWN		UNKNOWN	19289373	18974180	0	75	4416	18838566	398295	18705	10043	7476	5422	3747	2292	1247	695	357	229	234	277	355	496	937	1247185	1034293	804566	585519	407456	275087	174616	108955	67384	42968	
VC30176	100bp	telseq_elegans	TTAGGC	noreadgroup	txt	UNKNOWN		UNKNOWN	26461234	26202834	0	66	7061	25833544	552280	27136	14295	10722	8151	5632	3525	1788	960	472	249	227	235	355	609	1054	1753367	1472224	1158019	857960	607572	419711	271962	173401	108706	71429	
VC30178	100bp	telseq_elegans	TTAGGC	noreadgroup	txt	UNKNOWN		UNKNOWN	25882906	25690156	0	67	0844	25268779	537523	26762	14876	10950	8371	5932	3540	1865	953	495	263	198	198	362	678	1161	1758558	1492111	1177468	873407	618845	428414	278346	176342	110622	72302	
VC30180	100bp	telseq_elegans	TTAGGC	noreadgroup	txt	UNKNOWN		UNKNOWN	17377498	17208237	0	61	9631	16968865	360814	17291	9133	7052	5369	3607	2110	1130	622	261	155	126	148	185	245	385	1137920	945947	734313	536854	373428	253071	161922	100582	62149	39539	
VC30181	100bp	telseq_elegans	TTAGGC	noreadgroup	txt	UNKNOWN		UNKNOWN	34159146	33719119	0	75	1559	33341628	719108	34977	18593	13687	10213	7079	4416	2374	1210	641	374	343	381	593	1116	2413	2290013	1929798	1516707	1118839	788648	545345	353580	224096	141170	91412	
VC30182	100bp	telseq_elegans	TTAGGC	noreadgroup	txt	UNKNOWN		UNKNOWN	15245648	15096790	0	76	0783	14886316	316882	15263	7968	5941	4490	3105	1834	1019	500	300	233	208	239	282	452	616	984131	815966	633134	462330	322374	217931	139934	87176	54156	34840	
VC30183	100bp	telseq_elegans	TTAGGC	noreadgroup	txt	UNKNOWN		UNKNOWN	15739916	15586386	0	71	5031	15364753	330560	16098	8308	6394	4778	3393	2058	1092	530	275	188	148	159	215	349	618	1033639	860801	670704	490098	340419	229299	145323	90365	55896	35125	
VC30184	100bp	telseq_elegans	TTAGGC	noreadgroup	txt	UNKNOWN		UNKNOWN	17500258	17385575	0	69	2126	17083395	366351	18074	9702	7219	5600	3812	2275	1219	630	335	179	166	156	257	371	517	1151718	958334	745624	544011	381545	256458	163475	101204	62157	39099	
VC30186	100bp	telseq_elegans	TTAGGC	noreadgroup	txt	UNKNOWN		UNKNOWN	26472763	26164371	0	65	0275	25836744	558983	27850	14752	10841	8179	5802	3463	1835	974	447	281	202	263	377	637	1133	1812398	1527078	1205865	889143	632668	436483	287680	185500	117480	76804	
VC30187	100bp	telseq_elegans	TTAGGC	noreadgroup	txt	UNKNOWN		UNKNOWN	16527246	16322913	0	76	2888	16136811	344271	16286	8721	6618	4911	3399	2064	1086	535	339	210	175	218	285	455	862	1080835	895041	695212	506254	352141	238440	151498	93933	57962	36421	
VC30188	100bp	telseq_elegans	TTAGGC	noreadgroup	txt	UNKNOWN		UNKNOWN	60487076	60001351	0	64	5575	58994303	1306074	66623	35538	26869	20162	14173	8604	4547	2278	1156	620	467	485	794	1458	2925	4302323	3664745	2913924	2162717	1544397	1069958	696506	443918	277953	180333	
VC30190	100bp	telseq_elegans	TTAGGC	noreadgroup	txt	UNKNOWN		UNKNOWN	10898117	10804365	0	64	4488	10639697	228537	11078	5778	4345	3120	2203	1262	670	344	197	130	102	123	141	175	215	700241	579301	448267	325344	225444	151535	96541	60105	37003	23290	
VC30191	100bp	telseq_elegans	TTAGGC	noreadgroup	txt	UNKNOWN		UNKNOWN	20338311	20034457	0	70	6129	19855716	426373	20388	10673	7951	5848	4117	2406	1278	695	373	216	168	221	298	513	1077	1335938	1107036	862008	627745	442281	299843	193125	121853	75478	47319	
VC30192	100bp	telseq_elegans	TTAGGC	noreadgroup	txt	UNKNOWN		UNKNOWN	22254604	22120111	0	71	1687	21723944	465368	23175	12442	9391	7062	5065	3013	1657	805	410	229	197	217	326	589	714	1484558	1240901	970333	708425	494813	334204	212315	132253	81188	50917	
VC30193	100bp	telseq_elegans	TTAGGC	noreadgroup	txt	UNKNOWN		UNKNOWN	21517771	21293492	0	69	7583	21000200	454731	22358	11936	9044	6763	4782	2865	1525	734	446	255	183	239	345	621	744	1453333	1214171	948817	695601	489693	335348	217149	138067	85438	54500	
VC30195	100bp	telseq_elegans	TTAGGC	noreadgroup	txt	UNKNOWN		UNKNOWN	17408009	17208482	0	72	5878	16998621	361144	17046	9337	6924	4961	3584	2029	1147	619	344	217	219	261	326	495	735	1143435	948401	739414	541446	379597	257338	164951	103898	64089	40700	
VC30196	100bp	telseq_elegans	TTAGGC	noreadgroup	txt	UNKNOWN		UNKNOWN	28418909	28216698	0	73	9027	27738276	593457	29894	16553	12762	9579	6886	4033	2124	1152	538	337	282	333	563	950	1190	1930028	1628769	1280945	941773	667751	457981	296066	187812	116478	74340	
VC30197	100bp	telseq_elegans	TTAGGC	noreadgroup	txt	UNKNOWN		UNKNOWN	16601544	16540346	0	78	4952	16204687	348415	17171	9231	6731	5287	3619	2219	1179	610	320	236	178	229	322	524	586	1084045	900894	698596	509991	351723	238291	151041	93111	57166	36230	
VC30198	100bp	telseq_elegans	TTAGGC	noreadgroup	txt	UNKNOWN		UNKNOWN	25997892	25740764	0	74	8096	25379200	543630	26403	14250	10463	8064	5666	3340	1736	870	451	261	267	294	542	1031	1424	1732095	1448010	1130145	831585	586853	400894	257039	162010	100024	63215	
VC30199	100bp	telseq_elegans	TTAGGC	noreadgroup	txt	UNKNOWN		UNKNOWN	6318819	6276067	0	80	6417	6165182	134372	6786	3512	2668	2035	1449	886	495	264	114	62	61	72	131	269	461	426669	360926	284559	209737	149476	103012	66307	41902	26061	16685	
VC30200	100bp	telseq_elegans	TTAGGC	noreadgroup	txt	UNKNOWN		UNKNOWN	19666137	19509258	0	78	3375	19195083	414073	20140	10762	8032	5924	4311	2485	1343	692	397	228	228	249	409	713	1068	1317738	1095795	849309	620540	431509	289789	183834	113615	69703	43964	
VC30201	100bp	telseq_elegans	TTAGGC	noreadgroup	txt	UNKNOWN		UNKNOWN	18139288	18012957	0	70	9504	17709545	379465	18142	9660	7107	5346	3857	2241	1184	642	317	197	174	214	285	430	482	1176773	975339	754031	546095	376209	252386	159990	98637	60356	37800	
VC30202	100bp	telseq_elegans	TTAGGC	noreadgroup	txt	UNKNOWN		UNKNOWN	33385975	33135278	0	72	8138	32576221	711521	35274	18422	13878	10454	7366	4310	2343	1213	589	319	261	328	552	1183	1741	2246950	1879272	1474702	1081432	759481	515899	328628	205459	125136	80069	
VC30203	100bp	telseq_elegans	TTAGGC	noreadgroup	txt	UNKNOWN		UNKNOWN	24400997	24248910	0	82	3635	23813481	516773	24779	13217	9862	7370	5219	3149	1660	891	444	304	271	330	568	1105	1574	1601982	1338669	1046346	767333	538421	365761	231173	144137	88005	55905	
VC30204	100bp	telseq_elegans	TTAGGC	noreadgroup	txt	UNKNOWN		UNKNOWN	20061051	19768978	0	69	6974	19575261	429026	20734	10886	7898	5906	4153	2376	1305	668	364	200	163	194	328	652	937	1298336	1082040	846030	622318	440724	305129	198989	128202	79789	50614	
VC30205	100bp	telseq_elegans	TTAGGC	noreadgroup	txt	UNKNOWN		UNKNOWN	30873987	30631980	0	95	7426	30119289	660623	32281	17050	12910	9636	6773	3936	2224	1131	569	392	354	538	928	2078	3275	2055919	1717890	1347731	985996	694240	471072	299530	186324	114708	73002	
VC30206	100bp	telseq_elegans	TTAGGC	noreadgroup	txt	UNKNOWN		UNKNOWN	13743197	13539189	0	61	3249	13417764	288201	13698	7150	5435	3942	2729	1623	905	466	233	150	131	150	195	201	224	903540	751373	584009	428387	299834	204741	133994	85701	53631	34551	
VC30207	100bp	telseq_elegans	TTAGGC	noreadgroup	txt	UNKNOWN		UNKNOWN	17846971	17692007	0	73	7483	17426511	369538	17743	9801	7185	5575	3888	2306	1200	648	352	216	183	241	336	550	698	1200996	1001592	777431	568324	394955	265108	168298	104461	63820	40271	
VC30209	100bp	telseq_elegans	TTAGGC	noreadgroup	txt	UNKNOWN		UNKNOWN	31527493	31262152	0	75	2927	30769284	665306	32587	17618	13201	9990	6896	4238	2215	1098	509	320	278	357	667	1232	1697	2096016	1758904	1379097	1015698	719216	492271	317388	200253	123999	78748	
VC30211	100bp	telseq_elegans	TTAGGC	noreadgroup	txt	UNKNOWN		UNKNOWN	20353709	20133176	0	71	5153	19868581	427593	20614	10884	8120	6096	4462	2521	1348	668	390	228	205	247	348	598	806	1331863	1108320	861967	629131	442350	301940	195648	122962	76381	47915	
VC30212	100bp	telseq_elegans	TTAGGC	noreadgroup	txt	UNKNOWN		UNKNOWN	28208726	28065730	0	71	0991	27528730	599379	29009	15289	11593	8648	5948	3619	1883	956	468	275	218	255	456	867	1133	1849359	1540446	1202226	878874	615350	415197	264640	164047	100706	63973	
VC30213	100bp	telseq_elegans	TTAGGC	noreadgroup	txt	UNKNOWN		UNKNOWN	22475453	22314977	0	83	4951	21931589	478554	23118	12158	9098	6716	4770	2860	1496	859	421	310	280	350	508	1014	1352	1453791	1212257	948750	690054	486806	331834	212135	132904	82132	50973	
VC30214	100bp	telseq_elegans	TTAGGC	noreadgroup	txt	UNKNOWN		UNKNOWN	22378859	22205148	0	78	6512	21849820	466652	22088	11624	8792	6548	4545	2823	1481	758	432	246	229	275	452	845	1249	1457618	1210819	942568	688442	482109	326253	206975	129311	79469	50270	
VC30215	100bp	telseq_elegans	TTAGGC	noreadgroup	txt	UNKNOWN		UNKNOWN	16038330	15906115	0	80	3271	15658449	334799	15982	8465	6335	4705	3425	1969	1042	607	303	217	211	238	332	512	739	1033616	854813	660690	479658	332992	222586	140942	87062	53027	33131	
VC30216	100bp	telseq_elegans	TTAGGC	noreadgroup	txt	UNKNOWN		UNKNOWN	21649238	21499603	0	69	4637	21131661	454653	22851	12044	8908	6589	4587	2839	1451	733	356	198	166	212	369	673	948	1465426	1233424	964979	704448	492705	334586	212887	132396	81260	51315	
VC30217	100bp	telseq_elegans	TTAGGC	noreadgroup	txt	UNKNOWN		UNKNOWN	20204567	20005198	0	86	6982	19721609	424033	20657	10969	8316	6086	4146	2520	1326	710	348	205	215	303	545	1068	1511	1307796	1089763	848258	621051	435465	294614	188682	118365	74842	51076	
VC30218	100bp	telseq_elegans	TTAGGC	noreadgroup	txt	UNKNOWN		UNKNOWN	18879695	18676846	0	76	5163	18429646	396118	19447	10128	7577	5658	3838	2263	1226	607	275	176	192	233	381	744	1186	1226177	1021389	798315	583258	409965	278495	179043	111969	69445	44103	
VC30219	100bp	telseq_elegans	TTAGGC	noreadgroup	txt	UNKNOWN		UNKNOWN	23039879	22889188	0	66	2495	22489750	484682	23420	12603	9438	7117	4951	2886	1531	666	385	207	176	220	349	660	838	1521511	1273234	997293	728726	513645	350835	223424	140202	86597	55018	
VC30220	100bp	telseq_elegans	TTAGGC	noreadgroup	txt	UNKNOWN		UNKNOWN	21986560	21791307	0	78	4165	21461325	460252	22718	12209	9214	6699	4879	2723	1459	765	369	247	218	327	540	982	1634	1485581	1248828	980223	719872	507712	346790	222878	139561	86977	55145	
VC30222	100bp	telseq_elegans	TTAGGC	noreadgroup	txt	UNKNOWN		UNKNOWN	19137394	18331083	0	60	8134	18686575	394783	19866	10738	8043	5963	4108	2409	1213	668	332	207	160	205	377	676	1071	1335285	1129976	899315	679166	501851	368542	259925	177747	117859	74946	
VC30223	100bp	telseq_elegans	TTAGGC	noreadgroup	txt	UNKNOWN		UNKNOWN	25544778	25352594	0	73	2591	24944538	526494	26014	14149	10603	7751	5196	3180	1707	859	412	254	210	339	555	983	1534	1711406	1440331	1130921	833736	588521	402063	256973	161382	99387	63548	
VC30224	100bp	telseq_elegans	TTAGGC	noreadgroup	txt	UNKNOWN		UNKNOWN	8155652	8097426	0	80	7727	7958294	171903	8685	4799	3568	2749	1892	1035	579	304	145	101	102	127	274	418	677	553194	469783	373065	278464	199071	137810	90662	57992	36431	23706	
VC30225	100bp	telseq_elegans	TTAGGC	noreadgroup	txt	UNKNOWN		UNKNOWN	23621346	23488394	0	70	7569	23061953	489998	24731	13391	10143	7349	5289	3085	1598	817	402	213	182	201	442	643	909	1576287	1317826	1024629	744260	518610	349477	223854	138676	85937	54687	
VC30226	100bp	telseq_elegans	TTAGGC	noreadgroup	txt	UNKNOWN		UNKNOWN	16912982	16852777	0	68	006	16505409	356890	18034	9717	7497	5557	3791	2274	1121	539	300	144	121	187	312	492	597	1137670	954071	750439	550416	384894	262514	167147	104483	64316	40865	
VC30228	100bp	telseq_elegans	TTAGGC	noreadgroup	txt	UNKNOWN		UNKNOWN	17860853	16927706	0	55	6661	17439017	369899	18594	10135	7599	5540	3811	2253	1196	597	292	146	135	180	295	411	753	1233670	1041355	829733	628983	467343	345800	246685	172157	113877	72876	
VC30230	100bp	telseq_elegans	TTAGGC	noreadgroup	txt	UNKNOWN		UNKNOWN	18956474	18407378	0	65	4797	18510189	393025	19137	10130	7559	5506	3940	2288	1229	576	304	158	146	197	374	675	1041	1234847	1038898	821981	616016	449977	321936	221424	149767	96967	62284	
VC30231	100bp	telseq_elegans	TTAGGC	noreadgroup	txt	UNKNOWN		UNKNOWN	18411258	18254966	0	62	6075	17977917	382512	18487	9872	7482	5399	3821	2186	1227	576	262	144	125	122	211	377	538	1204012	999813	780165	569985	398362	268017	170564	106432	64967	40993	
VC30232	100bp	telseq_elegans	TTAGGC	noreadgroup	txt	UNKNOWN		UNKNOWN	11471716	11343254	0	74	9324	11205225	234788	11365	6029	4497	3434	2305	1319	706	347	182	114	94	113	203	368	627	729794	603632	465883	336942	234605	158553	100591	62730	38455	24320	
VC30233	100bp	telseq_elegans	TTAGGC	noreadgroup	txt	UNKNOWN		UNKNOWN	10552084	9571806	0	50	6729	10307761	215540	10120	5460	4074	3052	2068	1232	670	333	142	91	82	112	205	372	770	684180	590052	487440	391213	315250	256996	201599	151912	104863	68680	
VC30234	100bp	telseq_elegans	TTAGGC	noreadgroup	txt	UNKNOWN		UNKNOWN	17313988	16765395	0	74	4593	16904692	358990	17665	9481	6978	5315	3637	2128	1160	538	289	204	183	263	420	744	1301	1139564	954504	752876	562037	408657	293673	201320	135616	87884	56133	
VC30235	100bp	telseq_elegans	TTAGGC	noreadgroup	txt	UNKNOWN		UNKNOWN	13215463	12803343	0	65	2283	12898158	280504	13506	7167	5122	3711	2654	1461	788	371	200	129	120	163	259	462	688	835550	697314	550741	412461	299233	215400	149809	101540	65715	42393	
VC30236	100bp	telseq_elegans	TTAGGC	noreadgroup	txt	UNKNOWN		UNKNOWN	14861750	14729313	0	64	5106	14512036	310299	14809	7564	5713	4146	2822	1648	837	451	205	111	96	115	201	272	425	923438	760162	586073	424253	292207	196757	124328	76623	46768	29557	
VC30237	100bp	telseq_elegans	TTAGGC	noreadgroup	txt	UNKNOWN		UNKNOWN	15447770	15313011	0	69	5194	15083772	322308	15124	8258	5941	4289	2941	1755	903	479	237	116	109	165	268	443	662	978362	810915	628569	457885	319125	215348	136493	85039	52250	33190	
VC30239	100bp	telseq_elegans	TTAGGC	noreadgroup	txt	UNKNOWN		UNKNOWN	12694464	12442721	0	62	6197	12394229	264808	13026	6915	5075	3787	2526	1494	781	379	185	110	80	97	195	282	495	839669	696829	540345	396778	279579	193772	127794	81699	51748	32810	
VC30240	100bp	telseq_elegans	TTAGGC	noreadgroup	txt	UNKNOWN		UNKNOWN	9976475	9881634	0	84	2755	9732406	213740	10574	5723	4164	3087	2157	1228	676	355	163	112	95	158	332	544	961	675846	569125	448462	332102	235303	161558	104634	66002	41503	26324	
VC30241	100bp	telseq_elegans	TTAGGC	noreadgroup	txt	UNKNOWN		UNKNOWN	16400643	16085572	0	70	3554	16007849	346532	16956	8813	6558	4681	3270	1896	966	453	223	144	149	218	357	612	966	1057121	881441	689283	507642	362204	252996	167614	110345	69466	44339	
VC30242	100bp	telseq_elegans	TTAGGC	noreadgroup	txt	UNKNOWN		UNKNOWN	13992338	13897948	0	72	5953	13657777	296286	14385	7178	5585	3955	2668	1567	835	407	216	121	117	141	227	368	505	859869	705353	542419	389516	268545	180213	113276	69321	42526	26574	
VC30243	100bp	telseq_elegans	TTAGGC	noreadgroup	txt	UNKNOWN		UNKNOWN	10603689	10230295	0	88	0592	10350333	222048	10686	5660	4245	3090	2166	1264	670	379	189	149	148	235	434	757	1236	691873	583397	463980	350844	258953	189606	133092	91365	60624	38543	
VC30257	100bp	telseq_elegans	TTAGGC	noreadgroup	txt	UNKNOWN		UNKNOWN	23720963	22790862	0	62	3067	23154539	494111	24789	13593	10470	8132	5758	3581	1887	954	434	255	147	173	302	680	1158	1582118	1360332	1097196	840347	633812	477266	345599	244141	164877	108999	
VC30262	100bp	telseq_elegans	TTAGGC	noreadgroup	txt	UNKNOWN		UNKNOWN	21625859	19443785	0	63	3778	21125725	435483	21036	11555	9092	6727	5071	3062	1635	781	434	225	218	298	499	1229	2789	1413281	1237589	1040487	845661	696822	577967	464888	356132	252995	168247	
VC40083	100bp	telseq_elegans	TTAGGC	noreadgroup	txt	UNKNOWN		UNKNOWN	14060294	13594003	0	78	4161	13731178	282726	14637	8626	6539	5093	3745	2322	1266	686	356	184	129	161	278	802	1566	991096	866199	707359	542214	409804	305052	218745	153930	103992	69122	
VC40170	100bp	telseq_elegans	TTAGGC	noreadgroup	txt	UNKNOWN		UNKNOWN	14315271	14208893	0	77	7358	13977022	289804	15780	9105	7149	5476	3930	2500	1296	659	366	156	115	152	226	569	966	1017136	881796	709614	530049	381886	269906	178126	116363	74055	48628	
VC40294	100bp	telseq_elegans	TTAGGC	noreadgroup	txt	UNKNOWN		UNKNOWN	6788327	6560846	0	94	2955	6629229	135611	7173	4102	3160	2612	1894	1220	629	336	160	86	71	70	175	544	1255	477607	419329	342836	262271	199072	149635	107935	76915	51402	34235	
VC40347	100bp	telseq_elegans	TTAGGC	noreadgroup	txt	UNKNOWN		UNKNOWN	4612002	4419459	0	79	6073	4503367	93779	4726	2633	2091	1627	1186	718	378	202	110	65	52	59	127	304	578	318711	277692	227295	175045	134055	101543	73531	52794	36045	23414	
VC40491	100bp	telseq_elegans	TTAGGC	noreadgroup	txt	UNKNOWN		UNKNOWN	11355211	11327631	0	80	4109	11097582	220001	11704	7049	5459	4382	3130	1877	988	505	302	136	129	128	238	598	1003	832748	724238	582669	434407	312931	218141	142775	90298	57140	36886	
VC40492	100bp	telseq_elegans	TTAGGC	noreadgroup	txt	UNKNOWN		UNKNOWN	13268313	13155076	0	76	0258	12961604	265883	13470	7740	5860	4549	3252	1907	1057	560	261	157	108	134	265	530	976	923955	788197	627412	465110	334006	232550	153882	99292	62195	40354	
VC40493	100bp	telseq_elegans	TTAGGC	noreadgroup	txt	UNKNOWN		UNKNOWN	13035742	12984062	0	77	089	12732283	265035	13158	7164	5482	4160	2950	1733	988	486	261	142	111	137	210	487	955	887901	748804	587273	432843	305393	211596	134849	84954	52673	33695	
VC40494	100bp	telseq_elegans	TTAGGC	noreadgroup	txt	UNKNOWN		UNKNOWN	12557164	12508352	0	78	2792	12266378	253355	12621	6997	5412	4134	2853	1695	968	449	222	126	105	112	230	552	955	857723	725412	569806	419370	296281	203977	130398	82232	51372	32624	
VC40495	100bp	telseq_elegans	TTAGGC	noreadgroup	txt	UNKNOWN		UNKNOWN	13303717	13254795	0	70	2805	12994441	269683	13564	7371	5705	4466	3210	1960	1013	508	243	121	88	118	187	364	675	917155	777439	615017	453748	321733	221360	142984	90727	56192	36159	
VC40496	100bp	telseq_elegans	TTAGGC	noreadgroup	txt	UNKNOWN		UNKNOWN	12601225	12562515	0	73	518	12309527	253913	12760	7151	5507	4124	2979	1793	1021	467	225	110	71	120	218	426	813	872814	741360	586863	431807	307485	210413	135939	85695	53334	34322	
VC40499	100bp	telseq_elegans	TTAGGC	noreadgroup	txt	UNKNOWN		UNKNOWN	13961800	13885000	0	71	5472	13644753	274259	14278	8117	6225	4787	3390	2039	1089	538	272	154	124	140	234	513	888	990093	845333	672424	499060	356896	248764	161707	102766	64186	41710	
VC40500	100bp	telseq_elegans	TTAGGC	noreadgroup	txt	UNKNOWN		UNKNOWN	12763558	12630405	0	72	2467	12464141	262233	12938	6857	5279	4054	2845	1801	908	499	243	121	96	105	208	400	830	865252	729935	576343	428582	307561	214144	141750	91767	58082	36611	
VC40501	100bp	telseq_elegans	TTAGGC	noreadgroup	txt	UNKNOWN		UNKNOWN	19865958	19774448	0	71	174	19400617	408439	19851	10790	8254	6105	4197	2522	1289	669	317	191	187	232	383	772	1143	1347210	1129076	887757	655313	464245	318776	205303	130156	79919	50376	
VC40503	100bp	telseq_elegans	TTAGGC	noreadgroup	txt	UNKNOWN		UNKNOWN	12925189	12877438	0	74	5097	12622390	263993	13270	7262	5582	4365	3008	1861	1023	501	234	118	113	126	213	400	730	885639	745172	588371	432973	305814	210530	135171	85592	52989	34055	
VC40504	100bp	telseq_elegans	TTAGGC	noreadgroup	txt	UNKNOWN		UNKNOWN	12305053	12264055	0	71	9425	12018718	250256	12467	6921	5178	3903	2804	1626	867	472	202	116	84	108	148	386	797	834673	703975	552739	406197	287530	195663	125959	78949	49071	31030	
VC40505	100bp	telseq_elegans	TTAGGC	noreadgroup	txt	UNKNOWN		UNKNOWN	13283371	13227658	0	75	9562	12975110	268062	13607	7610	5691	4441	3122	1837	1016	546	263	135	108	117	231	516	959	918228	779693	616684	454358	323024	222435	143862	90235	56137	36240	
VC40506	100bp	telseq_elegans	TTAGGC	noreadgroup	txt	UNKNOWN		UNKNOWN	13521338	13385309	0	77	2208	13208054	270909	13730	7922	6177	4629	3491	2090	1069	536	262	151	127	167	255	584	1185	950612	814585	651671	488645	353166	248740	164807	107584	68131	44511	
VC40508	100bp	telseq_elegans	TTAGGC	noreadgroup	txt	UNKNOWN		UNKNOWN	13596326	13557761	0	71	2363	13280042	275600	13776	7789	5877	4531	3231	1900	977	474	259	126	110	136	204	451	843	942800	800063	632424	465814	329942	226476	145445	90809	56714	36329	
VC40509	100bp	telseq_elegans	TTAGGC	noreadgroup	txt	UNKNOWN		UNKNOWN	14163570	14112029	0	95	128	13833403	284860	14157	8212	6418	4867	3526	2168	1132	623	317	150	139	201	369	948	2080	1010971	862876	687679	510119	365455	252482	162938	103639	64575	41419	
VC40510	100bp	telseq_elegans	TTAGGC	noreadgroup	txt	UNKNOWN		UNKNOWN	13972648	13662077	0	67	831	13648731	282707	14181	7776	5894	4394	3206	1919	1041	516	265	139	125	133	240	503	878	949313	807646	647544	485908	356095	258008	177829	119723	77275	50430	
VC40512	100bp	telseq_elegans	TTAGGC	noreadgroup	txt	UNKNOWN		UNKNOWN	13485638	12794034	0	62	9122	13180319	266131	13359	7265	5885	4422	3111	1923	1052	475	253	116	80	106	177	366	598	902043	768082	611287	461856	340795	250844	183616	143859	124168	116679	
VC40513	100bp	telseq_elegans	TTAGGC	noreadgroup	txt	UNKNOWN		UNKNOWN	14240404	14199782	0	74	7485	13912059	284184	14632	8347	6397	5018	3479	2111	1179	542	316	126	112	126	237	553	986	1006399	859293	683581	505896	359752	248708	160825	102107	63296	40851	
VC40514	100bp	telseq_elegans	TTAGGC	noreadgroup	txt	UNKNOWN		UNKNOWN	14013999	13452114	0	69	4486	13695088	276762	13969	7810	6273	4604	3373	2061	1153	560	265	133	97	126	237	536	952	955033	819358	657244	494579	365836	271561	198439	149088	116876	95273	
VC40515	100bp	telseq_elegans	TTAGGC	noreadgroup	txt	UNKNOWN		UNKNOWN	13788290	13724217	0	71	0547	13470586	275796	13965	8006	6106	4708	3373	2054	1067	577	262	149	92	127	204	458	760	968961	825939	655883	487274	346414	238911	157100	99626	62441	40506	
VC40518	100bp	telseq_elegans	TTAGGC	noreadgroup	txt	UNKNOWN		UNKNOWN	13200910	12690466	0	82	1194	12902091	258741	13173	7431	5765	4400	3183	1964	1030	514	256	171	121	138	268	606	1058	884912	755169	599145	444340	317331	222246	146623	98895	71454	62401	
VC40519	100bp	telseq_elegans	TTAGGC	noreadgroup	txt	UNKNOWN		UNKNOWN	13637427	13580447	0	56	2964	13322661	274575	13598	7526	5925	4445	3212	2017	1044	474	263	129	94	112	202	444	706	1067868	931836	754843	571690	414780	289942	190469	121918	76254	49204	
VC40520	100bp	telseq_elegans	TTAGGC	noreadgroup	txt	UNKNOWN		UNKNOWN	14034682	13931722	0	71	4782	13705592	284633	14890	8439	6569	4945	3611	2213	1177	550	285	143	92	105	220	467	751	979972	835541	667070	496310	357758	249701	164927	107131	67719	44225	
VC40522	100bp	telseq_elegans	TTAGGC	noreadgroup	txt	UNKNOWN		UNKNOWN	6245716	6117581	0	74	1465	6099981	126531	6319	3616	2748	2124	1544	939	514	281	120	63	42	46	122	311	415	428568	366493	292778	220379	161776	116537	80613	54669	35914	23388	
VC40523	100bp	telseq_elegans	TTAGGC	noreadgroup	txt	UNKNOWN		UNKNOWN	13324726	13296597	0	78	7755	13008381	275685	13772	7575	5960	4382	3218	1892	991	528	243	141	97	149	221	531	960	905637	766300	602992	443587	314464	213769	138464	87166	53897	34584	
VC40524	100bp	telseq_elegans	TTAGGC	noreadgroup	txt	UNKNOWN		UNKNOWN	13795597	13682536	0	82	3271	13471592	280042	14310	8153	6460	4776	3549	2189	1115	614	281	183	106	172	291	660	1104	954841	815609	648564	482350	346266	243698	161529	104333	66434	43435	
VC40528	100bp	telseq_elegans	TTAGGC	noreadgroup	txt	UNKNOWN		UNKNOWN	13829199	13510237	0	75	3276	13501606	283743	14627	8263	6202	4905	3453	2087	1173	568	320	139	106	140	250	573	1044	941161	804891	642198	484305	356468	258069	179206	122929	81018	52780	
VC40529	100bp	telseq_elegans	TTAGGC	noreadgroup	txt	UNKNOWN		UNKNOWN	14034576	13959678	0	71	6339	13708253	283577	14326	8045	6295	4648	3415	2015	1067	536	290	156	121	116	258	557	901	976692	835160	666656	496023	358019	249533	163510	103895	65243	42458	
VC40530	100bp	telseq_elegans	TTAGGC	noreadgroup	txt	UNKNOWN		UNKNOWN	13932576	12964600	0	64	9397	13611927	278466	13827	7556	6219	4473	3299	2018	1068	587	259	162	124	166	306	753	1366	939793	817244	675639	533930	422230	336165	258402	190141	131284	85981	
VC40531	100bp	telseq_elegans	TTAGGC	noreadgroup	txt	UNKNOWN		UNKNOWN	13887252	13682157	0	84	1166	13564132	279804	14327	8100	6236	4820	3337	2059	1155	546	253	118	137	135	275	654	1164	946491	800891	633593	465939	330853	227728	148040	96468	62877	46589	
VC40533	100bp	telseq_elegans	TTAGGC	noreadgroup	txt	UNKNOWN		UNKNOWN	14094279	13955875	0	71	1224	13764608	287081	14318	8108	6257	4720	3378	2111	1094	555	263	146	100	117	201	485	737	965012	819420	648923	483337	347781	242987	160304	104221	66110	42623	
VC40534	100bp	telseq_elegans	TTAGGC	noreadgroup	txt	UNKNOWN		UNKNOWN	14011177	13787920	0	77	7813	13681667	286308	14439	8099	6190	4692	3327	2050	1091	573	275	132	144	164	282	636	1108	954474	813738	648182	482652	350676	249589	168316	111650	71663	46456	
VC40535	100bp	telseq_elegans	TTAGGC	noreadgroup	txt	UNKNOWN		UNKNOWN	13981079	13745434	0	88	2437	13655395	280302	14547	8201	6460	4864	3539	2141	1158	597	317	165	153	194	414	960	1672	978012	842086	674502	506546	371476	265489	180707	120223	77967	50805	
VC40536	100bp	telseq_elegans	TTAGGC	noreadgroup	txt	UNKNOWN		UNKNOWN	11391665	11113911	0	68	4439	11130252	225591	11774	6605	5314	4064	2887	1807	891	471	231	118	92	120	214	452	782	802110	695786	559913	426074	315887	231317	161196	109936	72103	46914	
VC40538	100bp	telseq_elegans	TTAGGC	noreadgroup	txt	UNKNOWN		UNKNOWN	7591420	7431657	0	75	2459	7411442	155341	8018	4519	3602	2773	1993	1223	622	328	164	103	58	100	132	347	655	530082	459355	370791	280802	208053	150688	104648	71158	46196	30587	
VC40539	100bp	telseq_elegans	TTAGGC	noreadgroup	txt	UNKNOWN		UNKNOWN	12879855	12834315	0	86	2429	12581628	257013	13308	7460	5902	4586	3265	2010	1046	527	259	140	118	179	310	734	1370	914454	784628	624033	462465	331774	229558	149563	95522	60031	38293	
VC40540	100bp	telseq_elegans	TTAGGC	noreadgroup	txt	UNKNOWN		UNKNOWN	13565007	12226865	0	62	1648	13266979	260388	12766	7184	5447	4218	2957	1840	962	490	223	107	86	107	183	371	699	861026	737750	590083	443999	333092	256585	205494	186219	186855	197399	
VC40541	100bp	telseq_elegans	TTAGGC	noreadgroup	txt	UNKNOWN		UNKNOWN	14535202	14502215	0	76	6603	14195086	294570	15039	8586	6638	5126	3637	2136	1229	638	306	157	116	144	280	567	947	1022605	870928	690776	509833	363867	251309	162385	102455	63912	41240	
VC40544	100bp	telseq_elegans	TTAGGC	noreadgroup	txt	UNKNOWN		UNKNOWN	14361493	12983864	0	64	0417	14044638	277129	13387	7574	5761	4428	3094	1952	991	513	251	127	98	124	228	484	714	902685	770905	614369	467115	350439	268714	214293	193140	190958	200061	
VC40547	100bp	telseq_elegans	TTAGGC	noreadgroup	txt	UNKNOWN		UNKNOWN	13035633	12521405	0	60	0558	12735976	261254	12941	7205	5545	4175	3082	1796	1041	526	244	130	93	96	188	490	851	951293	827176	670458	512350	379707	277288	193469	136573	97913	76046	
VC40550	100bp	telseq_elegans	TTAGGC	noreadgroup	txt	UNKNOWN		UNKNOWN	14273603	14245841	0	78	8257	13934956	294881	14872	8176	6229	4758	3438	2142	1065	560	267	169	107	148	270	582	983	978188	827453	652302	481644	342828	234619	150848	95538	59314	37885	
VC40552	100bp	telseq_elegans	TTAGGC	noreadgroup	txt	UNKNOWN		UNKNOWN	14153957	14073691	0	77	6522	13821493	288798	14549	8271	6392	4841	3420	2131	1158	537	281	141	109	162	289	541	844	972748	824269	648931	478183	342072	234787	153478	98242	61748	40017	
VC40553	100bp	telseq_elegans	TTAGGC	noreadgroup	txt	UNKNOWN		UNKNOWN	13114507	13057854	0	65	4474	12808243	267023	13435	7650	5779	4428	3089	1866	990	480	218	126	65	100	158	329	528	906150	769287	608321	447685	317506	219607	141737	90545	56678	37341	
VC40554	100bp	telseq_elegans	TTAGGC	noreadgroup	txt	UNKNOWN		UNKNOWN	12913009	12521830	0	72	3129	12619461	253502	13098	7564	5901	4552	3190	1958	1047	518	269	137	99	127	217	498	871	896873	773064	619520	461967	334681	239560	167088	121504	95892	82620	
VC40555	100bp	telseq_elegans	TTAGGC	noreadgroup	txt	UNKNOWN		UNKNOWN	15135581	15070271	0	44	0494	14791416	301597	14859	8031	6277	4659	3314	2046	1061	535	245	111	86	120	196	430	598	1222198	1088158	907701	705694	519423	371872	250928	164480	105870	69735	
VC40557	100bp	telseq_elegans	TTAGGC	noreadgroup	txt	UNKNOWN		UNKNOWN	14271326	14240776	0	89	9891	13933850	291713	14791	8346	6540	4929	3601	2183	1199	592	297	197	136	170	344	838	1600	996933	849000	676883	502249	358936	248393	160413	102292	63642	41160	
VC40561	100bp	telseq_elegans	TTAGGC	noreadgroup	txt	UNKNOWN		UNKNOWN	14191058	13729847	0	61	9239	13859798	287849	14504	8214	6379	4812	3456	2046	1083	588	248	127	129	136	268	508	913	1006979	873118	708142	538734	406434	299773	213269	147815	97570	63976	
VC40564	100bp	telseq_elegans	TTAGGC	noreadgroup	txt	UNKNOWN		UNKNOWN	13925493	13831305	0	80	0841	13600678	280426	14463	8342	6366	4990	3416	2102	1161	612	309	176	135	143	291	719	1164	984364	845299	673779	502099	361077	254171	166670	107837	68011	44495	
VC40566	100bp	telseq_elegans	TTAGGC	noreadgroup	txt	UNKNOWN		UNKNOWN	13777390	13724028	0	76	9334	13458103	276472	13994	8105	6201	4881	3449	2036	1096	574	309	148	94	131	253	595	949	967687	822531	653373	482140	343757	237739	154920	98681	61651	39964	
VC40567	100bp	telseq_elegans	TTAGGC	noreadgroup	txt	UNKNOWN		UNKNOWN	14886569	14665857	0	77	0748	14541061	300264	14935	8359	6570	4947	3599	2256	1091	601	290	148	122	170	304	725	1127	1022132	868930	690303	516825	375589	265746	180195	118608	76117	49770	
VC40624	100bp	telseq_elegans	TTAGGC	noreadgroup	txt	UNKNOWN		UNKNOWN	15022896	14856478	0	37	1673	14683260	298181	14729	8009	6026	4649	3335	2003	1045	521	233	80	62	85	121	238	319	1223388	1094942	917529	717830	533116	382904	260837	174351	114116	78301	
VC40644	100bp	telseq_elegans	TTAGGC	noreadgroup	txt	UNKNOWN		UNKNOWN	14207420	13767668	0	90	7422	13875368	284459	14690	8515	6607	5176	3836	2318	1261	645	316	193	134	182	366	1077	2277	993582	862789	701779	535503	401934	297043	211764	147291	99492	65848	
VC40672	100bp	telseq_elegans	TTAGGC	noreadgroup	txt	UNKNOWN		UNKNOWN	17754403	17038105	0	89	9759	17335802	359713	18353	10556	8084	6313	4538	2780	1464	722	409	236	211	283	484	1440	3015	1223224	1061313	865648	665824	506486	381329	276129	196705	132486	88008	
VC40725	100bp	telseq_elegans	TTAGGC	noreadgroup	txt	UNKNOWN		UNKNOWN	13832651	13777864	0	75	7313	13504611	283066	14941	8338	6698	4970	3595	2254	1194	606	298	132	108	124	231	572	913	993323	856987	685264	507432	362336	251981	164404	105462	66103	42917	
VC40746	100bp	telseq_elegans	TTAGGC	noreadgroup	txt	UNKNOWN		UNKNOWN	16083515	15964895	0	81	5641	15708895	321258	16865	10097	7661	5952	4395	2794	1423	806	365	211	142	178	298	804	1371	1154278	999431	805190	602465	436246	307952	203483	132381	83959	55527	
VC40786	100bp	telseq_elegans	TTAGGC	noreadgroup	txt	UNKNOWN		UNKNOWN	17406580	16897457	0	104	065	16992767	352755	18375	10790	8179	6521	4807	3039	1649	816	458	258	206	293	580	1625	3462	1227748	1067851	868537	660515	495771	365121	257997	179550	119325	79963	
VC40827	100bp	telseq_elegans	TTAGGC	noreadgroup	txt	UNKNOWN		UNKNOWN	14378407	13993388	0	80	7978	14042387	288627	15047	8659	6809	5239	3720	2321	1285	663	314	210	147	167	338	903	1571	1019615	885459	718221	549363	408919	299994	210352	144135	95670	63060	
VC40924	100bp	telseq_elegans	TTAGGC	noreadgroup	txt	UNKNOWN		UNKNOWN	10801752	10776788	0	77	0343	10544153	224798	11015	6327	4773	3649	2432	1540	814	416	209	106	110	97	156	413	744	739578	623531	490794	363145	256944	175438	113508	71703	44111	28403	
VC41007	100bp	telseq_elegans	TTAGGC	noreadgroup	txt	UNKNOWN		UNKNOWN	14725357	14666475	0	103	504	14379584	294295	15628	9055	7168	5683	4158	2691	1386	722	379	188	167	226	402	1103	2522	1065996	924272	746391	557026	402564	281298	183965	119317	75822	50198	
VC41008	100bp	telseq_elegans	TTAGGC	noreadgroup	txt	UNKNOWN		UNKNOWN	15209057	15153776	0	100	594	14849846	306404	16133	9583	7513	5837	4228	2614	1358	677	361	198	184	204	435	1119	2363	1087888	944249	755241	560459	403415	280603	183524	117960	74469	49164	
VC41009	100bp	telseq_elegans	TTAGGC	noreadgroup	txt	UNKNOWN		UNKNOWN	13979568	12800731	0	67	0787	13661811	273377	13934	8114	6157	4823	3608	2208	1225	619	280	149	122	150	285	854	1852	956537	849195	711085	569308	461095	373937	295394	223878	158588	105865	
VC41010	100bp	telseq_elegans	TTAGGC	noreadgroup	txt	UNKNOWN		UNKNOWN	17088654	16966968	0	83	6055	16690150	342500	17880	10446	8084	6174	4470	2739	1458	821	359	238	126	167	411	991	1640	1208679	1050137	847831	630442	454319	319983	211458	137423	86218	57527	
VC41011	100bp	telseq_elegans	TTAGGC	noreadgroup	txt	UNKNOWN		UNKNOWN	17887265	17389552	0	72	9532	17471070	358090	18693	10800	8400	6523	4770	2982	1596	835	373	199	155	181	290	818	1490	1263998	1101010	895194	682232	508834	375455	264670	183774	122250	81565	
VC41013	100bp	telseq_elegans	TTAGGC	noreadgroup	txt	UNKNOWN		UNKNOWN	14723339	14471144	0	77	9935	14379599	295533	15494	8856	6933	5405	3958	2447	1365	688	315	146	128	126	251	731	1364	1047426	907187	735048	554075	407441	293761	201272	135402	88424	58528	
VC41014	100bp	telseq_elegans	TTAGGC	noreadgroup	txt	UNKNOWN		UNKNOWN	16681117	16486555	0	89	3923	16290693	334245	17634	10261	8049	6113	4464	2698	1477	734	396	207	160	209	368	1093	2316	1187633	1029794	827209	623793	456945	324519	217435	143404	92435	60604	
VC41016	100bp	telseq_elegans	TTAGGC	noreadgroup	txt	UNKNOWN		UNKNOWN	18384984	18306703	0	81	6218	17953671	370114	19616	11484	8800	6857	5070	3173	1626	856	419	223	148	177	405	837	1508	1314019	1138891	913268	679230	487718	342798	224038	143921	91016	60465	
VC41017	100bp	telseq_elegans	TTAGGC	noreadgroup	txt	UNKNOWN		UNKNOWN	15833376	13427372	0	48	0004	15478364	310081	14587	8130	6202	5001	3590	2224	1222	633	291	170	137	144	268	754	1578	1025824	922995	803726	682527	594610	523642	445739	353599	256126	171230	
VC41018	100bp	telseq_elegans	TTAGGC	noreadgroup	txt	UNKNOWN		UNKNOWN	15321045	14818647	0	96	2068	14960077	310124	15865	9012	6983	5316	3947	2489	1263	708	382	215	167	240	387	1156	2714	1051609	906175	732254	558164	420227	310621	220343	153355	102425	67577	
VC41019	100bp	telseq_elegans	TTAGGC	noreadgroup	txt	UNKNOWN		UNKNOWN	19730749	16186506	0	43	1685	19297587	379284	17416	9872	7607	5975	4242	2614	1381	720	379	201	151	204	353	861	1902	1248470	1130118	987611	859395	769850	698931	608915	495837	365903	243487	
VC41020	100bp	telseq_elegans	TTAGGC	noreadgroup	txt	UNKNOWN		UNKNOWN	16717593	16309950	0	78	1698	16326947	336848	17138	9965	7818	5934	4324	2710	1422	690	357	193	131	175	320	869	1752	1171169	1014852	820994	621383	460709	336808	234549	160476	105253	70586	
VC41022	100bp	telseq_elegans	TTAGGC	noreadgroup	txt	UNKNOWN		UNKNOWN	14997343	14498176	0	90	1588	14647337	299573	15546	8931	6973	5618	4025	2462	1372	697	328	216	158	223	404	1084	2396	1052542	917141	746355	570645	429333	319976	227215	159950	107795	72166	
VC41023	100bp	telseq_elegans	TTAGGC	noreadgroup	txt	UNKNOWN		UNKNOWN	14770072	14107683	0	70	1009	14426820	295759	15367	8870	6610	5264	3912	2363	1280	681	336	160	101	157	285	718	1389	1032589	902556	738582	572069	438172	332588	243633	174472	118408	79835	
VC41024	100bp	telseq_elegans	TTAGGC	noreadgroup	txt	UNKNOWN		UNKNOWN	15504616	15258468	0	81	6523	15137016	315601	16759	9484	7459	5861	4286	2599	1380	699	362	196	149	178	305	787	1495	1095099	949198	765780	575807	419762	302195	205843	136776	88823	58550	
VC41028	100bp	telseq_elegans	TTAGGC	noreadgroup	txt	UNKNOWN		UNKNOWN	23895421	21953155	0	48	5475	23346046	478514	23818	13358	10354	8034	5890	3608	1924	1035	494	202	122	173	295	636	918	1625888	1435443	1202935	963805	773276	628266	492594	371095	260378	174703	
VC41029	100bp	telseq_elegans	TTAGGC	noreadgroup	txt	UNKNOWN		UNKNOWN	25148975	24600811	0	78	3357	24559645	508912	26018	14872	11559	9027	6365	3773	2062	1052	551	252	224	277	556	1334	2496	1745872	1503547	1212908	914344	673734	487553	335983	227201	149198	98434	
VC41032	100bp	telseq_elegans	TTAGGC	noreadgroup	txt	UNKNOWN		UNKNOWN	17240317	17160775	0	65	4317	16824136	367155	18014	9373	7023	5154	3843	2162	1211	559	280	146	100	107	198	350	506	1118606	932936	723934	528208	370164	250981	161333	101969	62598	39360	
VC41033	100bp	telseq_elegans	TTAGGC	noreadgroup	txt	UNKNOWN		UNKNOWN	15439624	15054357	0	87	512	15073406	315785	16054	9037	6975	5429	3847	2398	1289	680	338	211	181	244	479	1100	2171	1089539	944556	765855	585627	433680	317711	221377	151809	99828	65797	
